0 0.751659 0.037250 0.070142 0.037000
0 0.818010 0.225250 0.058768 0.035000
0 0.822749 0.266750 0.060663 0.040000
0 0.444550 0.390750 0.062559 0.038000
0 0.560190 0.349750 0.062559 0.048000
0 0.808838 0.432486 0.079276 0.040000
28 0.491472 0.186344 0.053053 0.044098
28 0.336331 0.310158 0.045015 0.042402
41 0.218167 0.479342 0.043407 0.036466
41 0.276043 0.390722 0.040192 0.039010
34 0.619282 0.028184 0.045015 0.029681
34 0.748700 0.388602 0.049838 0.039858
34 0.693235 0.264788 0.057876 0.036466
4 0.538898 0.395386 0.077168 0.027985
4 0.481826 0.269452 0.078776 0.028833
4 0.494687 0.462805 0.072345 0.030529
13 0.646613 0.113412 0.045015 0.028833
13 0.297747 0.275388 0.035369 0.033922
13 0.286493 0.312702 0.054661 0.033922
13 0.286493 0.475526 0.045015 0.039010
31 0.444849 0.144366 0.056269 0.036466