20 0.666545 0.275468 0.042687 0.065712
41 0.389680 0.260643 0.039681 0.072924
41 0.689692 0.364820 0.045693 0.085746
17 0.448347 0.270302 0.068927 0.090679
17 0.475201 0.373509 0.086830 0.060850
36 0.395980 0.360384 0.064451 0.077554
43 0.262155 0.375298 0.063556 0.090679
5 0.717788 0.276268 0.042072 0.069202
5 0.203969 0.267319 0.056395 0.091872
5 0.651995 0.533389 0.062661 0.099031
42 0.520854 0.273285 0.063556 0.101417
42 0.754042 0.276268 0.037597 0.054884
42 0.585306 0.505350 0.038492 0.107383
42 0.527120 0.500578 0.061766 0.128859
5 0.252755 0.253598 0.046548 0.093065
2 0.639462 0.334732 0.060871 0.066816
2 0.318102 0.241070 0.055500 0.077554
22 0.746433 0.368736 0.056395 0.084713
33 0.451480 0.536969 0.062661 0.122893
31 0.795667 0.366946 0.058185 0.093065