20 0.082537 0.289521 0.047330 0.145544
20 0.324668 0.484102 0.047564 0.145096
20 0.781184 0.304075 0.054092 0.175549
20 0.280368 0.691894 0.057822 0.177340
20 0.159128 0.708912 0.046631 0.193462
41 0.723828 0.302284 0.030776 0.175549
41 0.672534 0.871026 0.036372 0.116435
0 0.843204 0.294223 0.058755 0.148679
0 0.850198 0.507389 0.054092 0.145096
20 0.229074 0.889834 0.044766 0.114644
49 0.332597 0.251065 0.056657 0.184059
49 0.576941 0.855799 0.040103 0.139722
15 0.500933 0.473354 0.042900 0.180923
15 0.379692 0.473354 0.046631 0.163009
17 0.769527 0.710703 0.072744 0.139722
17 0.146538 0.914017 0.082070 0.102105
18 0.104745 0.697410 0.049312 0.126960
26 0.204360 0.693686 0.030776 0.195253
33 0.437048 0.471563 0.050361 0.157635
2 0.712409 0.492894 0.062952 0.146441
2 0.837964 0.697777 0.048263 0.158532
36 0.545232 0.291536 0.037305 0.121809
31 0.086850 0.445589 0.043833 0.118227
31 0.624038 0.875504 0.047564 0.118227
47 0.442414 0.869744 0.062952 0.115540
34 0.282935 0.282637 0.034973 0.131662
3 0.330730 0.880878 0.037305 0.121809
28 0.283635 0.877133 0.034973 0.154502
22 0.621240 0.700851 0.055024 0.134348
22 0.787713 0.863860 0.039170 0.112853
5 0.358478 0.669564 0.068548 0.128975
5 0.509563 0.863698 0.053160 0.119571
5 0.693174 0.717929 0.051061 0.134349
7 0.403940 0.277206 0.046631 0.136140
7 0.225579 0.275248 0.058755 0.167937
7 0.576362 0.471398 0.060854 0.170624
12 0.383659 0.867057 0.040569 0.131662
29 0.778859 0.502970 0.055958 0.128975
22 0.431919 0.665472 0.046631 0.154948