43 0.353618 0.628152 0.044956 0.055556
41 0.310855 0.631076 0.031798 0.073099
41 0.765899 0.467334 0.027412 0.061404
41 0.283443 0.533854 0.033991 0.074561
2 0.281798 0.390579 0.039474 0.065789
2 0.540022 0.636924 0.040570 0.064327
2 0.242873 0.519965 0.031798 0.052632
2 0.259320 0.616457 0.031798 0.061404
17 0.599781 0.432246 0.063596 0.055556
37 0.529057 0.419819 0.027412 0.045322
37 0.364583 0.416895 0.033991 0.065789
37 0.566886 0.551398 0.035088 0.057018
37 0.679276 0.550667 0.040570 0.058480
0 0.398575 0.408123 0.042763 0.057018
0 0.488487 0.628883 0.031798 0.051170
28 0.726425 0.650082 0.040570 0.049708
28 0.446272 0.405930 0.026316 0.055556
29 0.835526 0.482685 0.041667 0.054094
29 0.447368 0.635462 0.030702 0.052632
26 0.486842 0.416164 0.032895 0.055556
34 0.404605 0.626690 0.039474 0.064327
43 0.618421 0.554322 0.041667 0.062865
26 0.785088 0.657392 0.030702 0.061404
32 0.788377 0.568942 0.039474 0.065789
18 0.680373 0.438825 0.033991 0.048246
44 0.655154 0.438825 0.020833 0.062865
50 0.722039 0.563825 0.044956 0.070175
42 0.360197 0.527275 0.029605 0.064327
42 0.409539 0.527275 0.031798 0.067251
5 0.462171 0.544819 0.040570 0.067251
6 0.314145 0.524351 0.033991 0.087719