7 0.244292 0.265946 0.073059 0.167808
7 0.480594 0.284782 0.061644 0.157534
7 0.696347 0.466289 0.086758 0.164384
5 0.836377 0.711294 0.062405 0.114155
5 0.599696 0.863121 0.060883 0.107306
5 0.412481 0.672481 0.085236 0.114155
36 0.662862 0.283212 0.053273 0.107306
20 0.052968 0.283390 0.051142 0.136986
20 0.961644 0.299829 0.060274 0.126027
20 0.368950 0.486130 0.058447 0.126027
20 0.311416 0.673801 0.063927 0.139726
20 0.153425 0.701199 0.051142 0.145205
20 0.247489 0.884760 0.060274 0.095890
3 0.378082 0.877911 0.043836 0.104110
28 0.311416 0.862842 0.042009 0.139726
31 0.739726 0.870398 0.063927 0.102740
31 0.059361 0.440604 0.068493 0.106164
41 0.890085 0.303816 0.046967 0.164384
41 0.802022 0.863503 0.050881 0.101761
49 0.387215 0.238185 0.076712 0.167123
49 0.687671 0.840925 0.049315 0.117808
47 0.515982 0.873801 0.089498 0.123288
12 0.441096 0.850514 0.052968 0.104110
17 0.929680 0.702569 0.084018 0.115069
17 0.134247 0.897089 0.100457 0.115069
15 0.441096 0.466952 0.078539 0.153425
15 0.599087 0.469692 0.069406 0.169863
29 0.951598 0.510788 0.069406 0.115068
2 0.863927 0.501199 0.069406 0.145205
22 0.947032 0.853253 0.063927 0.098630
22 0.729680 0.691610 0.089498 0.104110
34 0.318721 0.279281 0.045662 0.123288
18 0.084018 0.695719 0.069406 0.123288
21 0.511416 0.658733 0.076712 0.131507
26 0.215525 0.680651 0.054795 0.153425