0 0.176115 0.744139 0.024147 0.038033
0 0.664829 0.779016 0.026877 0.049311
41 0.201458 0.752589 0.015271 0.025037
5 0.246794 0.780011 0.033405 0.046498
5 0.664832 0.712649 0.021952 0.030998
42 0.430044 0.736494 0.025769 0.052459
42 0.601840 0.724571 0.025769 0.047690
42 0.789862 0.773454 0.027678 0.050075
42 0.443883 0.796107 0.032450 0.045306
41 0.334124 0.776434 0.024815 0.034575
25 0.494467 0.737686 0.034359 0.052459
20 0.549347 0.726956 0.020043 0.038152
25 0.704441 0.723975 0.026724 0.041729
25 0.768388 0.780607 0.024815 0.054844
44 0.622838 0.721591 0.023861 0.034575
44 0.735937 0.728744 0.024815 0.039344
44 0.692988 0.780607 0.020997 0.045306
29 0.632808 0.790697 0.030446 0.049836
23 0.366667 0.778893 0.035696 0.039344
31 0.519423 0.798566 0.026247 0.052459
31 0.545144 0.793320 0.020997 0.044590
2 0.207087 0.776926 0.025197 0.048525
22 0.579790 0.784139 0.027297 0.062951
21 0.461680 0.734959 0.032546 0.045902
36 0.645407 0.715287 0.022047 0.030164