5 0.861455 0.735106 0.024306 0.045229
5 0.544904 0.746413 0.023148 0.034675
5 0.378237 0.739629 0.027778 0.039198
5 0.312265 0.836117 0.025463 0.036183
5 0.270598 0.880592 0.023148 0.043721
26 0.443631 0.778827 0.026620 0.036183
26 0.628237 0.881346 0.025463 0.048244
29 0.312265 0.739629 0.023148 0.036183
29 0.364348 0.883607 0.020833 0.040706
29 0.413538 0.886622 0.017361 0.046736
29 0.467357 0.891145 0.023148 0.043721
29 0.760182 0.784104 0.020833 0.037691
37 0.289695 0.779581 0.028935 0.022614
29 0.429163 0.732845 0.032407 0.037691
29 0.520598 0.746413 0.023148 0.034675
37 0.793746 0.778074 0.025463 0.037691
20 0.481246 0.787119 0.020833 0.034675
20 0.674533 0.796165 0.020833 0.040706
20 0.690158 0.885868 0.021991 0.039198
20 0.614927 0.752444 0.021991 0.031660
42 0.789583 0.739018 0.022917 0.039349
42 0.465104 0.832641 0.023958 0.047490
2 0.841146 0.732912 0.021875 0.032564
2 0.818229 0.776331 0.026042 0.040706
2 0.797396 0.863848 0.023958 0.047490
2 0.420833 0.825857 0.022917 0.042062
0 0.533854 0.884880 0.030208 0.043419
25 0.444271 0.830605 0.023958 0.046133
25 0.285937 0.738340 0.026042 0.054274
25 0.334375 0.879452 0.020833 0.040706
25 0.851267 0.825251 0.025253 0.039473
28 0.691389 0.833514 0.022222 0.037630
13 0.596944 0.878381 0.026667 0.040525
42 0.848056 0.864631 0.033333 0.044867
43 0.749722 0.824107 0.025556 0.036183
43 0.675278 0.753189 0.025556 0.036183
31 0.381389 0.777793 0.026667 0.039077
43 0.493056 0.741610 0.034444 0.036183
31 0.725278 0.747399 0.030000 0.036183
34 0.388056 0.885617 0.028889 0.040525
41 0.561389 0.883446 0.022222 0.036183
41 0.646944 0.834238 0.020000 0.036183
34 0.491944 0.888512 0.023333 0.034735
43 0.442500 0.878381 0.024444 0.043419