37 0.377075 0.267696 0.072917 0.104018
37 0.698690 0.275766 0.059896 0.098638
17 0.380330 0.395029 0.084635 0.118366
17 0.664836 0.421930 0.098958 0.114779
17 0.328898 0.565404 0.104167 0.129126
41 0.752075 0.275766 0.049479 0.102225
41 0.573690 0.392339 0.049479 0.123746
44 0.303507 0.271283 0.071615 0.121953
20 0.645955 0.577958 0.108073 0.164995
25 0.739054 0.533122 0.080729 0.150647
0 0.750773 0.397719 0.067708 0.120159
31 0.475382 0.389649 0.076823 0.118366
38 0.538534 0.550160 0.070313 0.148854
42 0.422648 0.541193 0.080729 0.152441
43 0.291138 0.398616 0.059896 0.096845