0 0.143663 0.780932 0.027778 0.047217
0 0.658663 0.821295 0.031111 0.051786
41 0.172552 0.787025 0.021111 0.038078
41 0.311441 0.816726 0.030000 0.048740
5 0.658108 0.742854 0.021111 0.035032
5 0.218663 0.819772 0.035556 0.054832
42 0.590330 0.755039 0.027778 0.050263
42 0.410330 0.770271 0.032222 0.062448
42 0.424219 0.839573 0.037778 0.051786
42 0.793108 0.811395 0.028889 0.050263
25 0.702552 0.756562 0.025556 0.053309
25 0.770330 0.819772 0.034444 0.067017
25 0.478663 0.772555 0.033333 0.057879
20 0.537552 0.759609 0.022222 0.038078
44 0.736441 0.760370 0.028889 0.045694
44 0.691441 0.820534 0.021111 0.053309
44 0.614219 0.755801 0.022222 0.039601
36 0.639500 0.749015 0.025000 0.032899
21 0.444000 0.769577 0.034000 0.052090
22 0.566500 0.830577 0.035000 0.078136
2 0.177000 0.813442 0.024000 0.049349
23 0.343500 0.820296 0.039000 0.041124
29 0.627000 0.827150 0.034000 0.065798
31 0.501000 0.839488 0.030000 0.063057
31 0.536000 0.833319 0.026000 0.058944